--------------------------------------------------------------------------------
 User Information
--------------------------------------------------------------------------------
 Name     : MAPS Technologies
 Address1 : 57 Yashoda Marg
 Address2 : Officers Campus Ext
 Address3 : Sirsi Road
 Address4 : Jaipur - 302012
 Address5 : Rajasthan, India
 GeoCode  : 26°55'11"N 75°47'16"E (IP approx)
--------------------------------------------------------------------------------
Data Capture Information
--------------------------------------------------------------------------------
Serial Number   : 0
No of Channels  : 2
Sampling Rate   : 1024
Start Date      : 21 Dec 2025
Start Time      : 16:41:37
Stop Date       : 21 Dec 2025  
Stop Time       : 16:41:38     
--------------------------------------------------------------------------------
Sensor Information
--------------------------------------------------------------------------------
Channel No -> Sensor Name -> Unit   -> Description
Channel 1  -> geophone    -> mm/s   -> Connected to Chn1 (A)
Channel 2  -> geophone    -> mm/s   -> Connected to Chn2 (B)
--------------------------------------------------------------------------------
Channel Data
--------------------------------------------------------------------------------
Chn(1), Chn(2)
     1,      1
     1,      1
     1,      1
     0,      0
     0,      0
     0,      0
     0,      0
     0,      0
     0,     -1
     0,     -1
    -1,     -1
    -1,     -2
    -1,     -2
    -1,     -2
    -1,     -2
    -1,     -2
    -1,     -2
    -1,     -1
    -1,     -1
    -1,     -1
    -1,     -1
    -1,     -1
    -1,     -1
    -1,     -1
     0,      0
     0,      0
     0,      0
     0,      0
     0,      0
     0,      0
     0,      0
     0,      0
     0,      0
     0,      0
     0,      0
     1,      1
     1,      1
     1,      1
     1,      1
     1,      2
     1,      2
     1,      2
     1,      2
     1,      2
     1,      2
     1,      2
     2,      2
     2,      2
     2,      2
     2,      2
     2,      2
     2,      2
     2,      2
     2,      2
     1,      2
     1,      1
     1,      1
     1,      1
     1,      1
     1,      0
     0,      0
     0,      0
     0,      0
     0,      0
     0,      0
     0,      0
     0,      0
     0,      0
     0,      0
     0,      0
     0,      0
     0,      0
     0,      0
     0,      0
     0,      0
     0,      0
     0,      0
     0,      0
     0,      0
     0,      0
     0,      0
     0,      0
     0,      0
     0,      0
     0,      0
     0,      0
     0,      0
     0,      0
     0,      0
     0,      0
     0,      0
     0,      0
     0,      0
     0,      0
     0,      0
     0,      0
     0,      0
     0,      0
     0,      0
     0,      0
     0,      0
     0,      0
     0,      0
     0,      0
     0,      0
     0,      0
     0,      0
     0,      0
     0,      0
     0,      0
     0,      0
     0,      0
     0,      0
     0,      0
     0,      0
     0,      0
     0,      0
     0,      0
     0,      0
     0,      0
     0,      0
     0,      0
     0,      0
     0,      0
     0,      0
     0,      0
     0,      0
     0,      0
     0,      0
     0,      0
     0,      0
     0,      0
     1,      1
     1,      1
     1,      1
     1,      1
     1,      1
     1,      1
     1,      1
     1,      1
     1,      1
     1,      1
     2,      1
     2,      2
     2,      2
     2,      2
     2,      2
     2,      2
     1,      1
     1,      1
     1,      1
     1,      1
     0,      0
     0,      0
     0,      0
     0,      0
     0,      0
     0,      0
     0,      0
     0,      0
     0,     -1
    -1,     -1
    -1,     -1
    -1,     -1
    -1,     -1
    -1,     -1
    -1,     -1
    -1,     -1
    -1,     -1
    -1,     -1
    -1,     -1
    -1,     -1
    -1,     -1
    -1,     -1
    -1,     -1
    -1,     -1
    -1,     -1
    -1,     -1
     0,     -1
     0,      0
     0,      0
     0,      0
     0,      0
     0,      0
     0,      0
     0,      0
     0,      0
     0,      0
     0,      0
     0,      0
     0,      0
     0,      0
     0,      0
     0,      0
     0,      0
     0,      0
     0,      0
     0,      0
     0,      0
     0,      0
     0,      0
     0,      0
     0,      0
     0,      0
     0,      0
     0,      0
     0,      0
     0,      0
     0,      0
     0,      0
     0,      0
     0,      0
     0,      0
     0,      0
     0,      0
     0,      0
     0,      0
     0,      0
     0,      0
     0,      0
     0,      0
     0,      0
     0,      0
     0,      1
     1,      1
     1,      1
     1,      1
     1,      1
     1,      2
     1,      2
     2,      2
     2,      2
     2,      2
     2,      2
     2,      3
     3,      3
     3,      3
     3,      3
     3,      3
     3,      3
     3,      3
     3,      3
     3,      3
     3,      3
     3,      3
     3,      3
     3,      3
     3,      3
     3,      3
     2,      3
     2,      3
     2,      2
     2,      2
     1,      2
     1,      1
     1,      1
     0,      1
     0,      0
     0,      0
     0,      0
     0,      0
     0,      0
     0,      0
     0,      0
     0,      0
     0,      0
     0,     -1
    -1,     -1
    -1,     -2
    -2,     -3
    -2,     -3
    -2,     -3
    -3,     -4
    -3,     -4
    -3,     -4
    -3,     -4
    -3,     -4
    -3,     -5
    -3,     -5
    -3,     -5
    -3,     -5
    -3,     -5
    -3,     -4
    -3,     -4
    -2,     -4
    -2,     -3
    -2,     -3
    -2,     -3
    -1,     -2
    -1,     -2
    -1,     -1
     0,     -1
     0,     -1
     0,      0
     0,      0
     0,      0
     0,      0
     0,      0
     0,      0
     0,      0
     0,      0
     1,      1
     1,      1
     1,      1
     1,      1
     1,      1
     1,      1
     1,      1
     0,      1
     0,      0
     0,      0
     0,      0
     0,      0
     0,      0
     0,      0
     0,      0
     0,      0
     0,      0
     0,      0
     0,      0
     0,      0
     0,      0
     0,      0
     0,      0
     0,      0
     0,      0
     0,      0
     0,      0
     0,      0
     1,      0
     1,      0
     1,      1
     1,      1
     1,      1
     1,      2
     2,      2
     2,      2
     2,      3
     3,      3
     3,      4
     4,      4
     4,      5
     4,      5
     4,      5
     4,      5
     4,      5
     4,      5
     3,      5
     3,      4
     3,      4
     3,      3
     2,      3
     2,      3
     2,      3
     2,      2
     2,      2
     1,      2
     1,      2
     1,      1
     1,      1
     1,      1
     1,      1
     0,      0
     0,      0
     0,      0
     0,      0
     0,      0
     1,      0
     0,      0
     0,      0
     0,      0
    -1,     -1
    -2,     -1
    -2,     -2
    -3,     -2
    -3,     -3
    -2,     -3
    -2,     -3
    -1,     -3
    -1,     -3
    -1,     -2
    -1,     -2
    -2,     -2
    -2,     -2
    -2,     -2
    -2,     -3
    -2,     -3
    -2,     -3
    -1,     -3
    -1,     -2
    -1,     -2
     0,     -2
     0,     -2
     0,     -1
     0,     -1
     0,     -1
     0,      0
     0,      0
     0,      0
     0,      0
     0,      0
     0,      0
     0,      0
     0,      0
     0,      0
     0,      0
     0,      0
     0,      0
     0,      0
     0,      0
     0,      0
     0,      0
     0,      0
     0,      0
     0,      0
     0,      0
     0,      0
     0,      0
     0,      0
     0,      0
     0,      0
     0,      0
     0,      0
     0,      0
     0,      0
     0,      0
     0,      0
     0,      0
     0,      0
     0,      0
     0,      0
     0,      0
     0,      0
     0,      0
     0,      0
     0,      0
     0,      0
     0,      0
     0,      0
     0,      0
     0,      0
     0,      0
     0,      0
     0,      0
     0,      0
     0,      0
     0,      1
     0,      1
     1,      1
     1,      1
     1,      1
     1,      1
     1,      1
     1,      2
     1,      2
     1,      2
     1,      2
     1,      2
     1,      1
     1,      1
     1,      1
     1,      1
     1,      1
     1,      1
     1,      1
     1,      1
     1,      1
     1,      1
     1,      1
     1,      0
     0,      0
     0,      0
     0,      0
     0,      0
     0,      0
     0,      0
     0,      0
     0,      0
     0,     -1
     0,     -1
     0,     -1
     0,     -1
     0,     -1
     0,     -1
     0,     -1
     0,     -1
     0,     -1
     0,     -1
     0,     -1
     0,      0
     0,      0
     0,      0
     0,      0
     0,      0
     0,      0
     0,      0
     0,      0
     0,      0
     0,      0
     0,      0
     0,      0
     0,      0
     0,      0
     0,      0
     0,      0
     0,      0
     0,      0
     1,      0
     1,      0
     1,      1
     1,      1
     2,      1
     2,      1
     2,      1
     1,      2
     1,      1
     1,      1
     0,      1
     0,      0
     0,      0
     0,      0
     0,      0
     0,      0
     0,      0
     0,      0
     0,      0
     0,      0
     0,      0
     0,      0
     0,      0
     0,      0
     0,      0
     0,      0
     0,      0
     0,      0
     0,      0
     0,      0
     0,      0
     0,     -1
     0,     -1
     0,     -1
     0,     -1
     0,     -1
     0,      0
     0,      0
     0,      0
     0,      0
     0,      0
     0,      0
     0,      0
     0,      0
     0,      0
     0,      0
     0,      0
     0,      0
     0,      0
     1,      1
     1,      1
     1,      1
     1,      1
     2,      2
     2,      2
     2,      2
     2,      2
     2,      2
     1,      2
     1,      2
     1,      2
     1,      1
     1,      1
     1,      1
     1,      1
     1,      1
     1,      1
     1,      1
     1,      1
     0,      0
     0,      0
     0,      0
     0,      0
     0,      0
     0,      0
     0,      0
     0,      0
     0,      0
     0,      0
     0,      0
     0,      0
     0,      0
     0,      0
     0,      0
     0,      0
     0,      0
     0,      0
     0,      0
     0,      0
     0,      0
     0,      0
     0,      0
     0,      0
     0,      0
     0,      0
     0,      0
     0,      0
     0,      0
     0,      0
     0,      0
     0,      0
     0,      0
     0,      0
     0,      0
     0,      0
     0,      0
     0,      0
     0,      0
     0,      0
     0,      0
    -1,      0
    -1,      0
    -1,      0
    -1,      0
    -1,      0
    -1,      0
    -1,      0
    -1,      0
    -1,      0
    -1,      0
    -1,      0
    -1,      0
     0,      0
     0,      0
     0,      0
     0,      1
     0,      1
     0,      1
     0,      1
     0,      2
     0,      2
     0,      2
     0,      3
     0,      3
     0,      3
     0,      3
     0,      3
     0,      3
     0,      3
     0,      3
     0,      3
     0,      3
     0,      3
     0,      3
     0,      3
     0,      3
     0,      3
     0,      3
     0,      3
     0,      2
     0,      2
     0,      2
     0,      1
     0,      1
     0,      1
     0,      0
     0,      0
     0,      0
     0,      0
     0,      0
     0,      0
     0,      0
     0,      0
     0,     -1
     0,     -1
    -1,     -1
    -1,     -1
    -1,     -2
    -1,     -2
    -1,     -2
    -1,     -2
    -1,     -2
    -1,     -2
    -1,     -2
    -1,     -2
    -1,     -2
    -1,     -2
    -1,     -2
    -1,     -2
    -1,     -2
     0,     -1
     0,     -1
     0,     -1
     0,      0
     0,      0
     0,      0
     0,      0
     0,      0
     0,      0
     1,      0
     1,      0
     1,      1
     1,      1
     1,      1
     1,      1
     2,      2
     2,      2
     2,      2
     2,      2
     2,      2
     2,      2
     2,      2
     2,      2
     2,      2
     2,      2
     2,      2
     2,      2
     2,      2
     2,      2
     2,      2
     2,      2
     1,      1
     1,      1
     1,      1
     1,      1
     0,      0
     0,      0
     0,      0
     0,      0
     0,      0
     0,      0
     0,      0
     0,      0
     0,      0
     0,      0
     0,      0
     0,     -1
     0,     -1
     0,     -1
     0,     -1
     0,     -1
    -1,     -1
    -1,     -1
     0,     -1
     0,     -1
     0,     -1
     0,     -1
     0,      0
     0,      0
     0,      0
     0,      0
     0,      0
     0,      0
     0,      0
     0,      0
     0,      0
     0,      0
     0,      0
     0,      0
     0,      0
     0,      0
     0,      0
     0,      0
     0,      0
     0,      0
     0,      0
     0,      0
     0,      0
     1,      0
     1,      1
     1,      1
     1,      1
     0,      1
     0,      1
     0,      1
     0,      1
     0,      1
     0,      1
     0,      0
     0,      0
     0,      0
     0,      0
     0,      0
     0,      0
     0,      0
     0,      0
     0,      0
     0,      0
     0,      0
     0,      0
     0,      0
     0,      0
     0,      0
     0,      0
     0,      0
     0,      0
     0,      0
     0,      0
     0,      0
     0,      0
     0,      0
     0,      0
     0,      0
     0,      0
     0,      0
     0,      0
     0,      0
     0,      0
     1,      1
     1,      1
     1,      1
     1,      1
     1,      2
     1,      2
     1,      2
     1,      2
     1,      2
     1,      1
     0,      1
     0,      1
     0,      1
     0,      0
     0,      0
     0,      0
     0,      0
     0,      0
     0,      0
     0,      0
     0,      0
     0,      0
     0,      0
     0,      0
     0,     -1
     0,     -1
     0,     -1
     0,     -1
     0,     -1
     0,     -1
    -1,     -1
    -1,     -1
    -1,     -2
    -1,     -2
    -1,     -2
    -1,     -2
    -1,     -2
    -1,     -2
    -1,     -2
    -1,     -2
     0,     -1
     0,     -1
     0,     -1
     0,     -1
     0,      0
     0,      0
     0,      0
     0,      0
     0,      0
     0,      0
     0,      0
     0,      0
     1,      1
     1,      1
     1,      1
     1,      1
     1,      2
     1,      2
     2,      2
     2,      2
     2,      2
     2,      2
     2,      2
     2,      2
     2,      3
     2,      3
     2,      3
     2,      3
     2,      3
     2,      3
     2,      3
     2,      2
     1,      2
     1,      2
     1,      1
     1,      1
     0,      1
     0,      1
     0,      0
     0,      0
     0,      0
     0,      0
     0,      0
     0,      0
     0,      0
     0,      0
     0,      0
     0,      0
     0,      0
     0,     -1
     0,     -1
     0,     -1
     0,     -1
     0,     -1
     0,      0
     0,      0
     0,      0
     0,      0
     0,      0
     0,      0
     0,      0
     0,      0
     0,      0
     0,      0
     0,      0
     0,      0
     0,      0
     0,      0
     0,      0
     0,      0
     0,      0
     0,      0
     0,      0
     0,      0
     0,      0
     0,      0
     0,      0
     0,      0
     0,      0
     0,      0
     0,      0
     0,      0
     0,      0
     0,      0
     0,      0
     0,      0
     0,      0
     0,      0
     0,      0
     0,      0
     0,      0
     0,      0
     0,      0
     0,      0
     0,      0
     0,      0
     0,      0
     0,      0
     0,      0
     0,      0
     0,      0
     0,      0
     0,      0
     0,      0
     0,      0
     0,      0
     0,      0
     0,      0
     0,      0
     0,      0
     0,      0
     0,      0
     0,      0
     0,      0
     0,      0
     0,      0
     0,      0
     0,      0
     0,      0
     0,      0
     0,      0
     0,      0
     0,      0
     0,      0
     0,      0
     0,      0
     0,      0
     0,      1
     0,      1
     1,      1
     1,      1
     1,      1
     1,      1
     1,      1
     1,      1
     1,      1
     1,      1
     0,      1
     0,      1
     0,      0
     0,      0
     0,      0
     0,      0
     0,      0
     0,      0
     0,      0
     0,      0
     0,      0
     0,      0
     0,      0
     0,      0
     0,      0
     0,      0
     0,      0
     0,      0
     0,      0
     0,      0
     0,      0
     0,     -1
     0,     -1
     0,     -1
     0,     -1
     0,     -1
     0,     -1
     0,     -1
     0,     -1
     0,     -1
     0,     -1
     0,     -1
     0,      0
     0,      0
     0,      0
     0,      0
     0,      0
     0,      0
     0,      0
     0,      0
     0,      0
     1,      0
     1,      0
     1,      1
     1,      1
     1,      1
     1,      1
     1,      2
     2,      2
     2,      2
     2,      2
     2,      2
     1,      2
     1,      1
     1,      1
     1,      1
     0,      1
     0,      0
     0,      0
     0,      0
     0,      0
     0,      0
     0,      0
     0,      0
     0,      0
     0,     -1
     0,     -1
     0,     -1
     0,     -1
     0,     -1
     0,     -1
     0,     -1
     0,     -1
     0,      0
     0,      0
     0,      0
     0,      0
     0,      0
     0,      0
     0,      0
     0,      0
     0,      0
     0,      0
     0,      0
     0,      0
     0,      0
     0,      0
     0,      0
     0,      0
     0,      0
     0,      0
     0,      0
     0,      0
     0,      0
     0,      0
     0,      0
     0,      0
     0,      0
     1,      0
     1,      0
     1,      1
     1,      1
     2,      1
     2,      1
     2,      2
     2,      2
     2,      2
     2,      2
     2,      2
     2,      2
     2,      2
     2,      3
     2,      3
     3,      3
     3,      3
     3,      3
     3,      3
     2,      3
     2,      3
     2,      3
     2,      2
     2,      2
     1,      2
     1,      2
     1,      1
     1,      1
     1,      1
     1,      1
     0,      0
     0,      0
     0,      0
     0,      0
     0,      0
     0,      0
     0,      0
     0,      0
     0,      0
     0,      0
     0,      0
     0,      0
     0,      0
     0,      0
     0,      0
     0,      0
     0,      0
     0,      0
     0,      0
     0,      0
     0,      0
     0,      0
     0,      0
     0,      0
     0,      0
     0,      0
     0,      0
     0,      0
     0,      0
     0,      0
     0,      0
     0,      0
     0,      0
     0,      0
     0,      0
     0,      0
     0,      0
     0,      0
     0,      0
     0,      0
     0,      0
     0,      0
     0,      0
     0,      0
     0,      0
     0,      0
     0,      0
     0,      0
     0,      0
     0,      0
     0,      0
     0,      0
     0,      0
     0,      0
     0,      0
     0,      0
     0,      0
     0,      0
     0,      0
     0,      0
     0,      0
     0,      0
     0,      0
     0,      0
     0,      0
     0,      0
     0,      0
     0,      0
     0,      0
     0,      0
     0,      0
     0,      0
     0,      0
     0,      0
     1,      0
     1,      0
     1,      0
     1,      0
     0,      0
     0,      0
     0,      0
     0,      0
     0,      0
     0,      0
     0,      0
     1,      1
     1,      1
     1,      1
     1,      1
     1,      1
     1,      1
     1,      1
     1,      1
     1,      1
     1,      1
     0,      1
     0,      0
     0,      0
     0,      0
     0,      0
     0,      0
     0,      0
     0,      0
     0,      0
     0,      0
     0,      0
     0,      0
     0,      0
     0,      0
     0,     -1
     0,     -1
     0,     -1
     0,     -1
     0,     -1
     0,     -1
     0,     -1
    -1,     -1
    -1,     -1
    -1,     -1
    -1,     -1
    -1,     -1
    -1,     -1
    -1,     -1
    -1,     -1
    -1,     -1
    -1,     -1
    -1,     -1
    -1,     -1
    -1,     -1
     0,     -1
     0,     -1
     0,     -1
     0,      0
     0,      0
     0,      0
     0,      0
     0,      0
     0,      0
     0,      0
     0,      0
     1,      1
     1,      1
     1,      1
     1,      1
     2,      2
     2,      2
     2,      2
     2,      3
     2,      3
     2,      3
     2,      3
     2,      3
     2,      3
     2,      3
     2,      3
     2,      3
     2,      3
     2,      3
     2,      3
     2,      3
     2,      2
     2,      2
     1,      2
     1,      2
     1,      1
     1,      1
     1,      1
     1,      1
     1,      0
     0,      0
     0,      0
     0,      0
     0,      0
     0,      0
     0,      0
     0,      0
     0,      0
     0,     -1
     0,     -1
     0,     -1
     0,     -1
     0,     -1
     0,     -1
     0,     -1
    -1,     -1
    -1,     -1
    -1,     -1
    -1,     -1
    -1,     -1
     0,     -1
     0,      0
     0,      0
     0,      0
     0,      0
     0,      0
     0,      0
     0,      0
     0,      0
     0,      0
     0,      0
     0,      0
     0,      0
     0,      0
     0,      0
     0,      0
     0,      0
     0,      0
     0,      0
     0,      0
     0,      0
     0,      0
     0,      0
     0,      0
     0,      0
     0,      0
     0,      0
     0,      0
     0,      0
     0,      0
     0,      0
     0,      0
     0,      0
     0,      0
     0,      0
     0,      0
     0,      0
     0,      0
     0,      0
     0,      0
     0,      0
     0,      0
     0,      0
     0,      0
     0,      0
     0,      0
     0,      0
     0,      0
     0,      0
     0,      0
     0,      0
     0,      0
     0,      0
     0,      0
     0,      0
     0,      0
     0,      1
     1,      1
     1,      1
     1,      1
     1,      1
     1,      1
     1,      1
     1,      1
     1,      1
     1,      1
     1,      1
     1,      1
     1,      1
     1,      1
     1,      1
     1,      1
     1,      1
     1,      1
     0,      1
     0,      1
     0,      1
     0,      0
     0,      0
     0,      0
     0,      0
     0,      0
     0,      0
     0,      0
     0,      0
     0,      0
     0,      0
     0,      0
     0,      0
     0,      0
     0,      0
     0,      0
     0,      0
     0,      0
     0,      0
     0,      0
     0,      0
     0,      0
     0,      0
     0,      0
     0,      0
     0,      0
     0,      0
     0,      0
     0,      0
     0,      0
     0,      0
     0,      0
     0,      0
     0,      0
     0,      0
     0,      0
     0,      0
     0,      0
     0,      0
     0,      0
     0,      0
     0,      0
     0,      0
     0,      0
     0,      0
     0,      0
     0,      0
     0,      0
     0,      0
     0,      0
     0,      0
     0,      0
     0,      0
     0,      0
     0,      0
     0,      0
     0,      0
     0,      0
     0,      0
     0,      0
     0,      0
     0,      0
     0,      0
     0,      0
     0,      0
     0,      0
     0,      0
     0,      0
     0,      0
     0,      0
     0,      0
     0,      0
     0,      0
     0,      0
     0,      0
     0,      0
     0,      0
     0,      0
     0,      0
     0,      0
     0,      0
     0,      0
     0,      0
     0,      0
     0,      0
     0,      0
     0,      0
     0,      0
     0,      0
     0,      0
     0,      0
     0,      0
     0,      0
     0,      0
     0,      0
     0,      0
     0,      0
     0,      0
     0,      0
     0,      0
     0,      0
     0,      0
     0,      0
     0,      0
     0,      0
     0,      0
     0,      0
     0,      0
     0,      0
     0,      0
     0,      0
     0,      0
     0,      0
     0,      0
     0,      0
     0,      0
     0,      0
     0,      0
     0,      0
     0,      0
     0,      0
     0,      0
     0,      0
     0,      0
     0,      0
     0,      0
     0,      0
     0,      0
     0,      0
     0,      0
     0,      0
     0,      0
     0,      0
     0,      0
     0,      0
     0,      0
     0,      0
     0,      0
     0,      0
     0,      0
     0,      0
     0,      0
     0,      0
     0,      0
     0,      0
     0,      0
     0,      0
     0,      0
     0,      0
     0,      0
     0,      0
     0,      0
     0,      0
     0,      0
     0,      0
     0,      0
     0,      0
     0,      0
     0,      0
     0,      0
     0,      0
     0,      0
     0,      0
     0,      0
     0,      0
     0,      0
     0,      0
     0,      0
     0,      0
     0,      0
     0,      0
     0,      0
     0,      0
     0,      0
     0,      0
     0,      0
     0,      0
     0,      0
     0,      0
     0,      0
     0,      0
     0,      0
     0,      0
     0,      0
     0,      0
     0,      0
     0,      0
     0,      0
     0,      0
     0,      0
     0,      0
     0,      0
     0,      0
     0,      0
     0,      0
     0,      0
     0,      0
     0,      0
     0,      0
     0,      0
     0,      0
     0,      0
     0,      0
     0,      0
     0,      0
     0,      0
     0,      0
     0,      0
     0,      0
     0,      0
     0,      0
     0,      0
     0,      0
     0,      0
     0,      0
     0,      0
     0,      0
     0,      0
     0,      0
     0,      0
     0,      0
     0,      0
     0,      0
     0,      0
     0,      0
     0,      0
     0,      0
     0,      0
     0,      0
     1,      1
     1,      1
     1,      1
     1,      1
     1,      1
     1,      1
     1,      1
     1,      1
     1,      1
     1,      1
     1,      1
     2,      2
     2,      2
     2,      2
     2,      2
     2,      2
     2,      2
     2,      2
     2,      2
     2,      2
     1,      1
     1,      1
     1,      1
     1,      1
     1,      1
     1,      1
     1,      1
     1,      1
     1,      1
     0,      0
     0,      0
     0,      0
     0,      0
     0,      0
     0,      0
     0,      0
     0,      0
     0,      0
     0,      0
     0,      0
     0,      0
     0,      0
     0,      0
     0,      0
     0,     -1
     0,     -1
     0,     -1
     0,     -1
     0,     -1
     0,     -1
     0,     -1
     0,      0
     0,      0
     0,      0
     0,      0
     0,      0
     0,      0
     0,     -1
     0,     -1
     0,     -1
     0,     -1
     0,     -1
     0,      0
     0,      0
     0,      0
     0,      0
     0,      0
     0,      0
     0,      0
     0,      0
     0,      0
     0,      0
     0,      0
     0,      0
     0,      0
     0,      0
     0,      0
     0,      0
     0,      0
     0,      0
     0,      0
     0,      0
     1,      1
     1,      1
     1,      1
     1,      1
     1,      1
     1,      1
     1,      1
     1,      1
     1,      2
     2,      2
     2,      2
     2,      2
     2,      2
     2,      2
     2,      2
     2,      2
     2,      2
     2,      2
     2,      2
     2,      2
     2,      2
     2,      2
     2,      2
     2,      2
     1,      2
     1,      1
     1,      1
     1,      1
     0,      1
     0,      0
     0,      0
     0,      0
     0,      0
     0,      0
     0,      0
     0,      0
     0,      0
     0,      0
     0,      0
     0,     -1
    -1,     -1
    -1,     -1
    -1,     -2
    -1,     -2
    -1,     -2
    -1,     -2
    -1,     -2
    -1,     -2
    -1,     -2
    -1,     -2
    -1,     -2
    -1,     -2
    -1,     -2
    -1,     -2
    -1,     -2
    -1,     -2
    -1,     -2
    -1,     -2
    -1,     -2
    -1,     -2
    -1,     -2
    -1,     -2
    -1,     -1
    -1,     -1
     0,     -1
     0,     -1
     0,      0
     0,      0
     0,      0
     0,      0
     0,      0
     0,      0
     0,      0
     0,      0
     0,      0
     0,      0
     0,      0
     1,      1
     1,      1
     1,      1
     1,      1
     1,      1
     1,      1
     2,      2
     2,      2
     2,      2
     2,      2
     2,      2
     2,      2
     2,      2
     2,      2
     2,      2
     2,      2
     2,      2
     1,      2
     1,      1
     1,      1
     1,      1
     1,      1
     1,      1
     1,      1
     1,      1
     0,      1
     0,      0
     0,      0
     0,      0
     0,      0
     0,      0
     0,      0
     0,      0
     0,      0
     0,      0
     0,      0
     0,      0
     0,      0
     0,      0
     0,      0
     0,      0
     0,      0
     0,      0
     0,      0
     0,      0
     0,      0
     0,      0
     0,      0
     0,      0
     0,      0
     0,      0
     0,      0
     0,      0
     0,      0
     0,      0
     0,      0
     0,      0
     0,      0
     0,      0
     0,      0
     0,      0
     0,      0
     0,      0
     0,      0
     0,      0
     0,      0
     0,      0
     0,      0
     0,      0
     0,      0
     0,      0
     0,      0
     0,      0
     0,      0
     0,      0
     0,      0
     0,      0
     0,      0
     0,      0
     0,      0
     0,      0
     0,      0
     0,      0
     0,      0
     0,      0
     0,      0
     0,      0
     0,      0
     0,      0
     0,      0
     0,      0
     0,      0
     0,      0
     0,      0
     0,      0
     0,      0
     0,      0
     0,      0
     0,      0
     0,      0
     0,      0
     0,      0
     0,      0
     0,      0
     0,      0
     0,      0
     0,      0
     0,      0
     0,      0
     0,      0
     0,      0
     0,      0
     0,      0
     0,      0
     0,      0
     0,      0
     0,      0
     0,      0
     0,      0
     0,      0
     0,      0
     0,      0
     0,      0
     0,      0
     0,      0
     0,      0
     0,      0
     0,      0
     0,      0
     0,      0
     0,      0
     0,      0
     0,      0
     0,      0
     0,      0
     0,      0
     0,      0
     0,      0
     0,      0
     0,      0
     0,      0
     0,      0
     0,      0
     0,      0
     0,      0
     0,      0
     0,      0
     0,      0
     0,      0
     0,      0
     0,      0
     0,      0
     0,      0
     0,      0
     0,      0
     0,      0
     0,      0
     0,      0
     0,      0
     0,      0
     0,      0
     0,      0
     1,      0
     1,      1
     1,      1
     1,      1
     1,      1
     0,      1
     0,      1
     0,      0
     0,      0
     0,      0
     0,      0
     0,      0
     0,      0
     0,      0
     0,      0
     0,      0
     0,      0
     0,      0
     0,      0
     0,      0
     0,      0
     0,      0
     0,      0
     0,      0
     0,      0
     0,      0
     0,      0
     0,      0
     0,      0
     0,      0
     0,      0
     0,      0
     0,      0
     0,      0
     0,      0
     0,      0
     0,      0
     0,      0
     0,      0
     0,      0
     0,      0
     0,      0
     0,      0
     0,      0
     0,      0
     0,      0
     0,      0
     0,      0
     0,      0
     0,      0
     0,      0
     0,      0
     0,      0
     0,      0
     0,      0
     0,      0
     0,      0
     0,      0
     0,      0
     0,      0
     0,      0
     0,      0
     0,      0
     0,      0
     0,      0
     0,      0
     0,      0
     0,      0
     0,      0
     0,      0
     0,      0
     0,      0
     0,      0
     0,      0
     0,      0
     0,      0
     0,      0
     0,      0
     0,      0
     0,      0
     0,      0
     0,      0
     0,      0
     0,      0
     0,      0
     0,      0
     0,      0
     0,      0
     0,      0
     0,      0
     0,      0
     0,      0
     0,      0
     0,      0
     0,      0
     0,      0
     0,      0
     0,      0
     0,      0
     0,      0
     0,      0
     0,      0
     0,      0
     0,      0
     1,      0
     1,      1
     1,      1
     1,      1
     1,      1
     1,      1
     1,      1
     1,      1
     1,      1
     0,      1
     0,      0
     0,      0
     0,      0
     0,      0
     0,      0
     0,      0
     0,      0
     0,      0
     0,      0
